17
Coordinates from ORCA-job 1
  C   0.03711550186343     -0.04790791427986     -1.42306400710420
  C   -1.15636713456039     -0.42224484304628     -0.71613365874765
  C   1.19926434698941      0.38040610383931     -0.69422634070893
  H   -2.04656076216009     -0.74037658207358     -1.27284156012000
  H   2.10713689022914      0.67603696831438     -1.23454137208178
  C   -1.18668962410085     -0.37137614453673      0.71917718197413
  C   1.16864561410583      0.43149510581834      0.74110471443507
  H   -2.09996161926011     -0.65149132071794      1.25871965503105
  H   2.05334012563937      0.76573514485823      1.29720422072798
  C   -0.02441785802268      0.05516888254428      1.44821829397107
  H   -0.05042111021944      0.10191534055806      2.54404520808591
  H   0.05804376509049     -0.07906530100176     -2.51971896439460
  Sc  0.62661778381097     -1.81371444974099      0.09075565267273
  C   1.34353469147730     -3.92252610098073      0.17991161211691
  H   0.53138926889536     -4.64426729252940      0.42117974825654
  H   1.78158680726774     -4.26668852906807     -0.78397380837974
  H   2.13315331295451     -4.07900606795727      0.94897842426551
